x y
18.6385296038352 1058.69441118091
18.3374582051765 1126.72506379532
14.9003194842953 843.926129738452
16.2741640068125 978.207316482577
19.8476783623919 1233.71929741077
15.5581121586729 939.440936052525
12.494110301137 730.639652345696
22.6135911475867 1381.622708227
14.1970534163993 826.724807135297
18.8911146360915 1008.08215773022
22.6338295345195 1386.21785969811
12.2273557344452 779.652406671671
17.654572513653 1116.73995178679
17.0437287627719 866.466524663174
19.3619276818354 964.541333478665
12.902262887219 691.359542282876
17.2756327847019 1093.39489074963
18.4220565045252 1048.99493919528
21.6139491621871 1266.44924898288
15.1689404693898 1083.56188950711
16.1946637942456 1108.84488865354
18.4789302798454 1113.08700094044
18.6298991609365 1039.17629431906
19.4766881340183 1145.50235064378
18.0531096383929 1087.0386649214
19.091025443282 1181.19131933389
18.787501681596 1081.39732395473
19.2799998493865 1107.75308085194
14.9848535784986 764.519025950834
20.5397387922276 1243.42706700131
20.2657863085624 1079.35069835012
16.8080450557172 952.373806666722
21.8216121778823 1176.18080779864
14.0418502867687 716.278301604526
20.5566925541498 1239.07193376279
15.8580711607356 1099.44241151179
14.7642767641228 724.827657335707
12.4466759243514 804.726294269392
13.0925011325162 870.232442535645
16.5022358326241 831.458785361013
17.3915860839188 829.976919339036
16.0609249474946 1017.10581964557
18.7325609347317 1082.53358568066
19.0857615100686 1175.11708956638
17.1139495940879 1173.3380670011
20.6599072825629 1210.59394438646
21.4187419856898 1286.10194751979
18.5175705365837 1083.31169710481
21.0068278191611 1137.89113566078
22.6374558664393 1417.56711034605
19.750291245291 1136.00970232876
15.6571899694391 940.434912225256
21.9096961668693 1246.2917698774
13.0609231241979 908.161229413589
14.873467969941 849.448722132532
18.6859896765091 1069.14291494028
19.1534239780158 1268.75095850431
16.7202613702975 1042.14795222252
17.0462641373742 1044.61114051359
18.3872948850039 998.900276833939
22.8170008624438 1355.01841450238
15.8735063630156 643.934716264247
19.3312937035225 1149.56309834848
22.2642964727711 1376.70062700437
15.4953882545233 930.83331131608
18.9720326762181 1011.27741236759
21.2364207734354 1267.04358718761
20.5922597511671 1294.60682247697
21.0390836528968 1049.93250111531
19.7478806595318 1096.17001746721
18.3516146035399 980.510876955953
19.9417396227363 1096.81784026079
22.7784531447105 1380.08607676097
22.5987869889941 1390.88880323065
21.9390432224609 1304.06314669022
19.3706062228885 1286.84766255514
19.6650534197688 1122.41910708105
15.2568174544722 1012.74288654429
21.500738131348 1274.58402164955
20.8997188101057 1429.65490981303
15.3308907328174 908.296326996795
13.8676729551516 759.406086101617
16.8173381877132 1210.14523327902
15.8898780783638 971.23033747679
20.7388692414388 1298.46761853267
21.0453011333011 1317.51234410224
22.868408128852 1202.50997999433
20.915672240546 1302.679788933
13.3150749423075 696.377591343012
20.2186980771367 1234.56977130589
12.8359428315889 870.043767017302
14.9709784954321 992.90288804792
16.2272767145187 1029.60064207732
12.2582716683391 672.005729881566
13.3647744629998 857.808549774693
18.1627312407363 1017.06672593525
22.5773887450341 1345.72224877329
21.5834352679085 1388.60551638374
14.8147303706501 819.243086523344
13.7488375110552 783.422421169037
17.4980076018255 832.800832037757
18.0625288372394 910.465575228785
17.4421391650103 827.519300978694
20.2134380547795 1102.81946867727
18.547441639239 1183.97422757534
14.8200602992438 747.778845310693
22.9952576269861 1370.29970201665
14.5897570597008 849.329287852182
14.0983935319819 969.802620816191
15.348136638524 901.749880514175
13.0954001809005 835.005157292838
17.6512587505858 859.631090946976
22.4735520316754 1487.22713106066
20.0400881343521 1034.28343925244
19.8335129437037 1047.92799180175
15.2108161465731 898.536751054229
15.058881104691 853.07898173203
14.9813518945593 940.163640508414
20.7823091791943 1228.73194695162
14.3186244110111 865.926162908604
18.1136948778294 1133.0059590232
13.5390102781821 740.478505224824
15.1007001090329 984.707994501918
21.2830356990453 1183.04566057015
12.8184360740706 719.360919526827
20.2113320010249 1147.54726141046
19.3888891893439 1105.28621882954
18.9589893403463 1172.6653802154
15.5971763501875 966.961455104774
18.4389535475057 1105.76511172777
20.8437523790635 1217.22086889796
20.9375962244812 1213.99590136681
20.7154090644326 1339.73037061343
18.5624864755664 1030.15920038061
16.9370206433814 1064.22625155859
22.5300682927482 1372.99740287426
16.756489852909 939.712248465955
15.8764579044655 915.155182445845
19.2675208242144 1206.33656753005
16.596049095504 988.875160561018
16.4238450815901 957.069834732591
21.1530342299957 1291.82152687657
12.6386462564114 676.640259021596
17.1642127467785 1001.67490830325
13.2606963573489 803.659939268021
12.5327342255041 714.853452454896
13.2284460531082 829.497040166609
16.9224766630214 897.021292067276
17.4798163906671 786.193204385782
22.4969067256898 1307.14512236926
18.0317843637895 1124.93021238183
22.6593311042525 1310.33419427444
14.401508372277 754.634642863016
17.1131353650708 955.670282480149
14.7014917538036 848.941319251004
16.7330486513674 901.333241820752
21.6280351113528 1332.56431068748
22.0626812800765 1281.61934376485
19.4108892928343 1069.78957302185
18.6537263053469 1100.76904512324
13.9551493707113 715.716705531789
20.0093582260888 1103.77261361477
18.7189457661007 1165.4238402366
17.4286980153993 944.032961019295
16.7724904466886 845.342268853631
13.6412030821666 822.75365409836
22.0429190802388 1282.17961379817
22.4025402495172 1184.81871878257
18.2351658702828 989.713410630779
21.3403531913646 1148.11536505035
13.8732613946777 797.435219355627
18.1712703662924 1235.81311396554
16.6630304597784 1046.13670500537
21.649383735843 1189.0030248764
22.8314643411431 1110.64513113234
19.4700499894097 1106.91438144854
20.2964913123287 1254.80462674486
17.5470828991383 924.785010038235
22.4009148981422 1373.6576150118
15.3797272169031 706.660745851161
21.3512280636933 1160.87519333856
20.4465943959076 1251.87687968141
21.9632529085502 1214.51579501989
16.3235389469191 1113.7310059334
12.2798606785946 629.716644900537
19.2004220830277 1240.64957162703
19.1793062223587 1053.32892133631
21.3562157577835 1143.2875528535
14.6051835080143 774.042402428423
12.0981064944062 597.083746795046
16.3317543882877 815.512239693335
21.5825442201458 1181.66524655946
19.91458590189 1080.12226706833
15.7463142385241 1059.05884410539
17.9655581149273 1139.19368017689
19.2302414174192 1188.01799920481
14.6156820263714 904.948833459697
14.732764082728 896.852215530975
20.3300783329178 1321.00884027372
17.367067437619 988.014584129465
17.9665121717844 993.751805306784
14.2097392277792 851.180157459921
17.7581270101946 1016.43084724027
15.8342700041831 835.596792915684
20.4304903245065 1172.51648909357
22.6603898091707 1316.43137629294
19.4387068194337 1243.96962198307
19.3045917314012 1179.49418200943
22.6934097479098 1450.12323478293
14.6265579641331 779.215569971526
12.3136715246364 811.089521875556
15.9357465195935 1036.22590035637
14.315331462305 914.090264522873
16.9372930126265 1113.36421379234
17.7427734697703 973.035519467824
19.2106884471141 1348.80136716731
15.4654420593288 1038.59612978071
21.6784151697066 1372.97069370103
21.602876892779 1406.06268182818
22.5480167542119 1396.71277633494
15.3338033936452 789.04762212277
19.5716895365622 1163.63750175095
20.3409759865608 1349.19189388972
22.6513217038009 1271.82149002203
13.6056704912335 745.004787381243
18.129650592804 1024.98543790163
20.7637629457749 1244.00027875756
16.8679447760805 835.678529265649
19.7293237410486 1260.83385956599
13.9668365870602 649.926215068194
13.1877650849055 815.246572586367
13.1963860515971 722.021084297217
13.9957770928741 962.631731606716
21.5256015220657 1327.59455459388
13.8179498233367 668.38826335739
18.9963565634098 1128.35364626586
15.585852966411 819.964854909461
16.9766992824152 931.594466543976
14.520304216072 928.683279865064
15.5677768629976 912.030850177474
15.0740396068431 1085.47409872343
22.4764451843221 1368.15096594726
19.9401912232861 1285.98175269869
22.6450744194444 1359.76636334359
18.6622398118488 1198.63147222509
19.4337667189538 1096.77947432853
21.8617960677948 1263.8707404121
21.1987868463621 1321.07424308877
17.892875259975 1064.67556464403
22.8232769903261 1245.57328678858
20.2443050402217 1102.42241350329
22.2076888713054 1346.952269791
14.2142455177382 898.644996240786
20.2786175925285 1242.80589990806
20.1594925094396 1184.34871299046
13.7958697918802 770.010825319352
22.6725699726958 1395.64989485671
20.6332485757302 1178.75451760515
21.7555503514595 1184.1239095718
20.3215049880091 1055.0417981432
15.1264774056617 739.11698330404
17.0436394917779 1177.49503257478
20.0451454452705 1240.34123238773
13.3789612133987 1028.48517269576
16.1275648174342 1002.2239284389
12.2611152860336 721.179115631272
13.3463252838701 747.98417856674
16.7039423426613 784.044699851967
13.2372754963581 820.179621858527
13.2851963022258 968.871142083986
21.7181087145582 1233.29058139105
14.3081143880263 871.48475047318
18.8062794955913 1214.24312874832
18.6798150080722 1126.01769553736
16.1951779706869 945.240656830207
13.5189243506175 896.882984520172
20.5468382514082 1100.16029630229
18.7510050018318 1033.21508019859
13.8412795590702 916.786766134298
12.910091945203 823.02693303681
14.4337870487943 812.703440140131
16.3732146618422 1019.08042785449
21.1271718242206 1129.9575956884
20.6174083040096 1236.01510443776
14.0580131926108 751.269310540884
15.6891798982397 833.161401981461
12.8423901663627 893.195770568479
14.4585480017122 834.071443264228
20.3505932483822 1127.34488208673
15.6172004416585 876.817395326272
17.8154144936707 891.179560942351
21.2397864507511 1086.34280319927
17.3952871831134 1129.5486649786
20.4064132669009 1178.07621604509
13.2691505223047 865.443830273472
17.0584987557959 1072.44828151041
18.3791216204409 1242.25693052128
14.6384189561941 709.683321280992
14.3281703195535 843.270273245301
12.1831875476055 772.810801428557
18.6744691927452 1220.42112049561
20.3117460722569 1164.17905626647
18.243104734458 1003.37093131412
17.8160561532713 912.11002356183
13.6710526379757 755.352222595808
18.1408703606576 937.857345621936
13.7492619119585 809.400374993239
18.4058133659419 1145.47979203042
19.4063495416194 1172.46130889975
16.7690549169201 1156.78029435846
21.6169134376105 1334.40762019931
18.1010587806813 1102.35952889684
12.9683413533494 800.59971856797
19.1519581419416 1267.02996570117
13.5483725685626 851.17392130221
14.8347034673207 843.346318020737
17.5557922865264 1134.57478081021
13.5025068088435 747.948922192266
13.4420252416749 871.406043662047
19.8311106611509 1231.61102132351
17.8694755539764 952.563037860114
13.0780022742692 641.359219823083
15.3207000554539 826.982729805253
18.4076156790834 1168.63510088922
16.3618769485038 954.543445988239
18.3821243871935 1043.90256282746
13.477233187994 891.181848453834
20.8676105183549 1163.43804171608
12.9277473127004 572.567160939808
19.4518652271945 1129.85262325468
21.2919053880032 1261.39382621863
19.2896741195582 1052.70177010248
20.9359290036373 1112.09493383221
21.5323262638412 1290.90265616058
19.0763500586618 996.458951113026
19.1970373329241 1043.89903661907
16.6003404266667 911.663317965814
22.8308081624564 1326.52476612815
22.6246695944574 1435.12463730106
21.7822617203929 1535.85201381972
14.4443898540922 798.590137286708
20.44180946704 1366.6953598575
15.3075552985538 903.80747225317
16.4946532738395 1037.78895105542
22.9018507422879 1352.48683490638
20.2784646824002 1246.84845112866
15.1921259465162 786.799463500783
15.8926131192129 1038.44227479793
15.8090105950832 802.882283885637
13.5638996721245 894.554213207225
21.4878507533576 1171.85346006805
22.9143634515349 1259.47339129108
21.2431037917268 1276.17332734051
14.2572048350703 887.216862518246
18.8676934037358 1159.52386378986
21.7533012735657 1122.60735053641
19.0271462050732 1217.39600547554
14.2150104653556 887.754858925295
20.8851982410997 1210.8628712318
13.444850058062 749.10109810298
17.7756096648518 924.540170376617
17.8830808622297 1013.22042546083
12.3197366916575 672.560021163159
19.8048437084071 1272.23169057315
22.5488792120013 1385.0293192721
13.502046400914 683.717414826454
15.1489029985387 879.122454044103
19.8165096698795 1141.43547757855
19.4489948276896 1180.27440909565
17.0868925536051 879.20398537891
20.3038347249385 1178.43987045182
18.1664516995661 1102.88159166383
18.9314796752296 1150.80910270981
18.0166893342976 1311.4886447827
15.7196035252418 868.37485026198
17.3807600627188 1209.78108761858
12.6505419698078 813.314564918849
13.3540507259313 806.365015007276
13.5453209378757 745.713108285981
14.2389135654084 956.066331357151
19.2712677421514 1152.365790891
15.1582036449108 942.791084468393
16.0217142128386 769.484095112469
19.4570825707633 1123.89411526457
21.7812443752773 1316.175038603
18.3054972735699 1070.04514533973
14.4077069796622 817.656546374588
21.4833255596459 1386.84831870302
13.6053156738635 771.611662975989
21.3600786670577 1283.83249493837
15.6254232027568 724.852590432808
17.9461400499567 1110.75791150053
21.6198954130523 1336.67623453434
17.0054934704676 1266.9998036772
22.5537158604711 1417.24029614016
20.2715669255704 1162.67319837051
16.9354175252374 1047.98398682308
16.3442336490843 1043.27522624814
19.8216533730738 1265.81402925435
12.1011945367791 730.798641030437
20.3944597588852 1123.54461178844
13.5543471507262 662.476116835066
14.4882701050956 708.968201196835
14.5065925002564 823.805125659268
17.4050556186121 968.068670777617
14.1610926776193 540.20319400764
15.3265622600447 859.371324331836
12.5897667708341 676.396879836302
14.3613325397018 892.591319812223
20.6041938278358 1305.72065876187
19.527486812789 1109.35158323469
21.4737771104556 1346.66866788562
17.6370807490312 1199.47358221906
18.0259645741899 1058.39017139885
20.3301731769461 1298.57362661729
17.2903400657233 948.61793800973
13.5333521219436 817.184510385401
22.8638768550009 1335.13101783284
17.4350798951928 1107.48486602916
15.5334937714506 899.579986698651
19.5490115948487 1142.25394631056
18.3827975026798 1017.99215061041
15.934110600967 1005.70917617161
13.8820162217598 898.77204053937
17.0959793885704 984.696775019272
12.4425772470422 708.773675783387
19.0886325626634 1047.5412716015
12.3990420631599 679.795987756016
14.7274128659628 764.851368855659
19.869492222555 1082.35612662905
13.3546065874398 793.762382960354
16.703300670255 850.044573870707
12.3159162434749 782.887427205364
15.3477295893244 984.175604463039
21.4153669013176 1230.91957514317
13.5236970628612 865.326165856986
20.8686157723423 1196.36578569241
12.0806262856349 569.217748038302
22.1118782979902 1255.21401884882
12.139738417929 725.817957051311
21.8731391723268 1228.92951514561
18.5201663258485 1061.02982921858
18.1968112136237 842.093561792934
12.6452054795809 768.026995602175
12.441429778235 1005.98457304535
20.5931195146404 1243.5481141516
20.668385778321 1306.90033586462
17.786816048203 1128.63012944208
19.3868111262564 1177.17281198063
18.7720683950465 1318.50510968902
14.8053134102374 946.719248632431
17.0195722791832 966.33776571638
12.5028052846901 564.106115432798
13.2684168717824 677.080416536374
13.0903952529188 818.240712892868
16.3765220451169 777.429000109282
20.8397410134785 1301.59709225151
13.0114199761301 784.629174025383
19.4686919054948 1339.73480306361
20.4378735807259 1282.94945625696
19.9240930168889 1120.24252426733
15.9464687763248 1116.25280131004
22.4692280511372 1334.84549485382
13.1170429852791 812.797768302396
20.3316756885033 1026.74126711627
20.4536486766301 1236.31740461204
18.9850928003434 1135.7019238893
20.1310508337338 1206.6727221242
13.9138342675287 804.721976354432
22.5532191484235 1208.8521980791
12.5048439011443 784.79518187707
22.6528612186667 1437.90710763865
18.7481468778569 1170.80862833616
13.5648048624862 857.643038126225
15.3956295910757 882.619225857899
12.1810860398691 651.281422950614
21.5617853794247 1415.01949092388
16.0563103854656 1016.32327568679
12.4689780038316 654.253867180381
16.2752772767562 989.728390312169
21.4439378990792 1187.49583964978
12.5855535210576 710.039539172475
22.6500384896062 1290.13034881624
16.9447361328639 1034.98648340492
17.0791263331193 932.42030067121
13.6970638816711 686.043432791512
19.8380346875638 1395.60318816703
13.8970256068278 672.391365909559
22.3872575347777 1370.7700190283
19.2842183622997 1335.06323033912
16.8363747866824 946.729585608221
18.8578677549958 955.683175246741
20.0048915492371 1269.91662776454
20.7167515356559 1270.43564282199
14.1560805784538 855.479380759013
19.6750682725105 1210.35369897985
21.6147865823004 1288.75032222339
22.5848157608416 1334.63224350471
16.9457695670426 775.232488688923
15.4586845170707 895.66139648511
20.4767152196728 1333.31478528356
14.7832028628327 914.911687471595
12.2650011021178 722.231624282354
20.1490567722358 1030.01049125848
14.4316415919457 909.281686435233
22.1916849710979 1313.35923753796
20.8802715148777 1168.73362724172
18.3599205196369 1237.17376067019
14.4177270161454 841.324691980854
21.7303556213155 1296.05408149223
18.9265338890254 983.367429621183
14.8513841428794 881.443860137201
19.8523974341806 1164.18136794407
21.4390535212588 1328.99674034768
12.72260940657 835.777917554891
16.5369385459926 1134.98166679121
21.1321223485284 1219.26575198083
12.6932359738275 870.615396156388
14.1143588153645 943.817773613215
15.8477868994232 942.50957900278
17.6007506994065 1096.34727153141
17.1550895769615 1026.39525082108
15.9679389062803 1026.00324488037
19.0757461681496 1167.9717574108
13.1246495957021 892.652109390193
22.3885245472193 1491.92510729506
15.1644436325878 893.343849426904
13.3944689650089 748.423591738229
21.3944308171049 1198.1218114617
17.8925342138391 1055.34321933132
20.2865929733962 1036.71960516899
20.4832018243615 1176.54889450356
15.9352225365583 885.669566450489
15.4506609227974 925.774550205196
21.2793490651529 1298.16160409397
19.8571191746742 1121.06309873369
13.298975588521 698.908810824278
22.109656265704 1319.27544420723
13.8108482102398 807.718252231604
21.8015289113391 1222.5644708818
16.6721270424314 1106.51273992441
14.6320236714091 895.874663723147
22.6960856367368 1448.97010593708
17.2170387986116 1127.13146522888
18.8820605555084 1353.08499393771
20.8984954163898 1220.74099400201
13.231307949638 864.522212300155
18.1665012037847 1031.32442470216
16.3074081705417 994.280146792324
16.6184122324921 1143.01418219375
15.4493194171228 1019.03404581535
16.9319626640063 1097.612949534
12.5614842979703 788.356348028189
12.0526601925958 762.541800161912
12.2334552770481 585.343614290554
14.1640562794637 768.765224883193
16.0605016376358 849.814749487245
13.6735685325693 717.403891061942
18.1686598761007 896.685489049571
18.2844005958177 858.070900583683
18.7232564697042 1279.93856813402
15.7015158045106 1009.18210488852
22.3520131127443 1439.28243112917
14.851331672864 1194.38669438534
18.0888202616479 1060.41254712765
15.9299531967845 1072.06179359704
21.2289244686253 1157.64965476151
21.2128197364509 1100.61921400607
21.7867707840633 1346.98770483269
12.9795506999362 906.626979520191
16.932425000472 1032.72506195592
15.6132305485662 810.072052574873
21.0661626372021 1347.03167380544
16.4101875133347 968.10351950827
22.1003062918317 1266.13277292539
12.7929709646851 832.553786343084
21.9229471571743 1286.31571831859
21.6475490422454 1150.85311601682
14.505919756135 826.135937602559
20.8740822044201 1101.40035159854
19.9528614501469 1161.13768103202
21.3150629308075 1344.85650845085
21.1860763251316 1315.28301386666
18.1754525674041 1132.80670118988
15.3825024727266 1042.043758801
19.0643906933255 1072.73126098347
12.891198298661 628.450103917711
17.1611694064923 966.902344609143
15.3593264487572 978.751982257779
13.6459273581859 687.878946599322
22.3023028583266 1254.94283721028
22.4370642160065 1357.08304703819
16.4569153261837 1015.51117285302
14.7998814664315 891.635369007323
19.9705876407679 1111.26806350307
18.9100051170681 1108.24683320849
19.2878455137834 1026.38439094544
20.106783445226 1247.27853930916
14.323299636133 800.964100398722
19.5149770744611 1181.5573884779
